6.48396e-01 2.79104e-03 -5.47560e-02 4.26806e-01 -5.40504e-01 -7.85352e-01 -5.13095e-01 -2.47229e-01 -1.22843e-01 1.60509e-01 7.18948e-01 3.18780e-01 -1.22252e-01 3.07552e-01 -4.98647e-02 -9.35880e-01 -2.13770e-01 4.20875e-02 -5.69904e-02 -1.14119e-01 3.90333e-01 1.04042e-01 -2.50061e-01 2.85456e-02 2.71489e-01 5.09998e-01 2.01994e-01 -2.90895e-01 2.40019e-01 -3.84437e-01 5.75384e-02 7.87743e-02 -2.08764e-01 -6.78579e-01 -2.57506e-01 -1.56723e-01 3.16531e-02 7.46064e-01 6.46735e-01 -2.96222e-01 6.68051e-01 1.64624e-01 3.28006e-01 -2.40712e-01 1.92710e-01 7.76145e-02 2.01006e-01 2.45400e-02 1.04022e+00 5.97683e-01 7.60563e-01 -6.17208e-02 -1.45776e-01 -1.12733e-01 -7.73347e-02 1.65597e-01 4.28071e-01 8.19612e-01 7.15080e-01 7.62712e-01 -2.22414e-03 -6.03401e-01 3.36369e-01 -9.33179e-01 2.29732e-01 2.71328e-01 3.53845e-01 -3.10738e-01 1.89348e-01 2.56387e-01 5.10362e-01 -7.75673e-01 -1.24028e-01 4.39611e-01 -3.09598e-01 -1.28005e-02 1.93670e-01 -2.20853e-01 6.05566e-02 1.83838e-01 -7.16828e-02 -1.59273e-01 4.16914e-01 -2.94591e-01 1.32770e-01 -2.59352e-02 -6.35166e-01 -6.75911e-01 -3.20499e-01 -5.46927e-01 4.08964e-01 1.91357e-01 -7.75574e-01 2.19838e-01 -1.55606e-01 -1.23302e-01 -8.21549e-03 2.36887e-01 -4.96201e-02 1.10586e-01 1.91276e-01 -4.61700e-01 2.45905e-01 2.23738e-01 7.26886e-01 3.58829e-01 3.69461e-01 4.01563e-01 -4.64468e-02 -1.17930e+00 -3.92982e-01 -5.59291e-01 2.17184e-01 7.87491e-01 2.77768e-01 1.94334e-01 -1.98116e-01 6.07819e-02 -1.42723e-02 -5.22322e-01 4.80867e-01 5.94258e-01 3.12584e-01 2.64845e-01 -1.16718e-01 -1.54355e-01 -3.51863e-01 5.06915e-01 -2.74416e-01 3.81892e-01 -8.91854e-02 -9.46628e-01 3.67591e-01 -5.99709e-01 1.35914e-01 -2.16510e-01 1.24580e-01 3.57005e-03 2.45127e-03 -6.96613e-02 3.16777e-01 -3.39180e-01 -4.74398e-01 6.37712e-01 2.58276e-01 -1.76064e-01 -6.93085e-01 -6.62855e-01 -1.28793e-01 -4.46799e-01 5.14358e-01 4.28827e-01 2.59513e-01 1.31394e-01 2.18720e-01 -2.03125e-01 3.57134e-02 1.22615e-01 2.90805e-01 -1.34803e-01 -8.82418e-01 2.14091e-01 9.94947e-03 2.68115e-01 5.92743e-01 -4.14670e-01 1.12814e-01 1.92550e-01 3.34672e-01 -2.47365e-01 -5.51428e-02 1.27030e-01 8.46317e-02 -3.58808e-01 -2.76843e-01 -7.00879e-01 7.54955e-01 -7.00513e-01 -3.73418e-02 -2.85220e-01 2.76467e-02 1.23212e-01 1.08546e-01 1.03522e-01 -2.53484e-01 2.94329e-01 -2.75659e-01 3.14887e-01 5.11763e-01 8.56166e-01 5.08972e-01 1.61694e-01 -1.98652e-02 5.09185e-02 -3.71320e-01 7.88657e-01 -1.13125e-01 1.84543e-01 1.75977e-01 -3.93342e-02
2.79104e-03 2.97334e-01 -1.49094e-01 -3.55977e-02 8.22336e-01 -4.14010e-01 -1.48344e-01 7.93877e-01 6.24186e-02 -6.37835e-02 2.24791e-01 -5.47297e-02 1.28009e-01 4.20476e-01 -8.14653e-02 3.93231e-01 3.12253e-01 -2.16140e-02 4.84614e-01 -1.80478e-01 2.09258e-01 1.29018e-01 -2.07768e-02 1.49174e-01 8.49213e-02 4.53855e-01 -4.42372e-02 -1.82780e-01 2.67803e-01 1.02714e-01 1.29248e-01 -1.63551e-01 3.63465e-01 1.03517e-02 1.08509e+00 2.53949e-01 -3.46582e-02 -4.46436e-01 -1.63179e-01 -1.72594e-01 7.38078e-02 3.65218e-01 -3.14979e-01 2.77916e-01 -5.33887e-02 3.12900e-01 -2.03171e-01 9.04980e-02 -2.95403e-01 -3.08918e-01 -2.19896e-01 -1.94144e-01 2.58020e-01 2.99580e-01 -1.25885e-01 -1.14914e-01 -2.56532e-01 -3.89048e-01 3.90318e-02 -1.77283e-01 -4.22996e-02 -2.75338e-01 3.59783e-02 -4.25106e-01 8.53925e-02 1.27948e-01 6.50186e-03 2.65992e-01 -7.59768e-02 3.94014e-01 -1.29036e-01 -3.71198e-01 -3.95819e-02 -1.44675e-01 -9.98446e-02 2.28320e-01 4.15635e-01 4.26873e-01 2.58181e-01 -4.21176e-01 2.49620e-01 -6.30045e-02 1.75593e-01 -2.56833e-01 4.84466e-02 -1.21054e-01 6.33706e-02 9.33164e-03 -1.31250e-03 9.85600e-02 -6.98468e-02 -4.11143e-02 -8.30460e-02 3.55298e-01 -2.21081e-01 3.15267e-01 8.49565e-02 8.72044e-02 3.38057e-01 8.17308e-01 4.97961e-01 2.50427e-01 1.99150e-01 -6.80060e-02 2.23368e-01 7.39380e-02 -2.12854e-01 -3.81000e-01 1.50873e-02 -2.20562e-01 -2.51340e-01 -3.71241e-01 -3.20944e-01 -1.29052e-01 2.02641e-01 3.08519e-01 -3.38253e-01 4.50735e-02 4.16088e-01 6.04769e-01 2.45586e-01 -9.62445e-02 3.69604e-01 -1.90955e-01 -3.86529e-01 -1.13739e-01 -1.28887e-01 2.81667e-01 -7.36139e-02 -1.21072e-01 -1.56465e-01 -3.88966e-01 -2.11756e-01 -8.29043e-02 2.07323e-01 2.35660e-01 3.78688e-01 -1.43629e-01 4.11429e-01 -2.02566e-01 3.06765e-03 4.08583e-01 -1.32180e-01 -4.40820e-02 -3.26983e-01 -3.50515e-01 -1.99786e-01 -2.07913e-01 -7.31632e-02 1.33120e-01 5.56983e-02 3.51688e-02 3.31747e-01 -9.78959e-02 1.07267e-03 -2.76654e-01 4.79726e-01 2.39780e-01 2.92153e-01 2.33462e-01 8.31338e-02 3.33426e-01 -9.77934e-02 -3.70159e-02 2.18526e-03 -4.10713e-02 3.07056e-01 4.37851e-01 -2.60751e-01 -8.32192e-02 -3.43224e-01 5.86950e-02 1.05525e-01 -2.89945e-02 -8.62081e-02 -6.33886e-01 -2.33207e-01 1.87755e-01 3.57750e-01 3.09761e-01 3.58879e-01 -3.60814e-01 -1.45604e-01 -1.00233e-01 -2.74609e-01 2.91841e-01 -4.44879e-01 1.13467e-01 -1.11415e-01 -3.45655e-01 2.43980e-01 -1.09095e-01 -7.09442e-02 4.46699e-02 1.61541e-01 -3.87189e-01 2.43039e-01 -3.01351e-01 3.15997e-01 -1.27014e-01
-5.47560e-02 -1.49094e-01 2.97291e-01 2.73431e-01 -8.82196e-01 3.21947e-01 2.49231e-02 -5.29895e-01 -3.06190e-01 3.73482e-01 -1.88174e-02 2.49119e-01 1.91869e-01 2.07633e-01 2.92856e-01 -5.27190e-01 -2.58447e-01 1.29393e-01 -1.36574e-01 2.85433e-01 -9.00911e-02 2.89281e-01 -2.21677e-01 8.41724e-02 2.88244e-02 -3.60109e-01 3.06335e-01 7.22197e-02 -3.85402e-02 -1.35302e-01 1.03849e-01 2.66960e-01 -2.53967e-01 -1.42464e-01 -8.89150e-01 -5.30996e-01 2.46608e-01 -7.33133e-01 2.90985e-01 -2.20335e-01 -3.00953e-01 -6.91480e-02 1.00906e-01 8.37613e-02 2.87362e-01 -4.01365e-02 -1.88666e-01 -7.73121e-02 -3.78797e-01 3.07939e-02 -3.81619e-01 2.62639e-01 -1.14386e-01 -2.35730e-01 -2.12435e-02 -2.69954e-01 1.97265e-01 -7.89625e-01 -1.36204e-01 -6.23864e-01 -3.49503e-01 2.25444e-01 4.02521e-01 2.76637e-01 4.07665e-02 2.71189e-01 2.45917e-01 8.64142e-02 1.96510e-01 -5.21796e-01 2.48598e-01 3.14406e-01 -3.17138e-01 2.10848e-01 2.88131e-01 -3.65016e-01 -3.57711e-01 -1.67653e-01 -2.97505e-01 -9.44961e-02 4.09238e-02 1.15808e-01 1.96032e-01 -2.12921e-01 -8.83271e-02 2.21897e-01 8.30062e-02 1.39932e-01 -1.05577e-01 -6.73071e-02 4.16292e-01 3.00736e-01 -2.42953e-01 -1.10353e-01 1.89696e-01 -5.25608e-02 5.33745e-02 -3.40406e-02 -1.56189e-01 -6.81146e-01 -8.06675e-02 -3.15800e-02 -1.98492e-01 -7.13400e-02 3.26109e-02 3.76473e-01 3.37893e-01 -2.25102e-01 2.51016e-01 -8.98600e-02 2.91437e-01 -1.92963e-01 3.25299e-03 -1.33963e-01 1.12822e-01 -5.12913e-01 2.08415e-01 2.50370e-01 1.87571e-03 -5.50892e-01 -1.80447e-02 1.17043e-01 -2.14713e-01 1.52088e-01 -2.00196e-02 1.51297e-01 2.50429e-01 -1.78301e-01 1.99933e-01 3.17629e-01 3.15205e-01 1.80304e-01 3.67459e-02 2.19988e-01 1.30593e-01 2.06315e-02 -4.40483e-01 2.08265e-01 -4.93030e-01 1.99307e-01 3.83998e-01 -2.42697e-01 1.62152e-01 6.79263e-02 -2.30265e-01 -6.44968e-02 1.80925e-01 1.04006e-01 1.73340e-01 -3.09561e-02 1.71710e-02 -3.47013e-01 9.90203e-03 2.66472e-01 3.15156e-01 7.18137e-02 -8.69773e-01 2.13425e-02 2.88315e-02 -3.32549e-03 -1.40522e-01 -5.13475e-01 -3.81406e-03 -7.60529e-02 -4.21666e-01 1.25358e-01 -7.32975e-02 5.34286e-02 -2.14303e-01 -4.03085e-01 2.52536e-02 -4.75703e-02 -8.66565e-02 2.29222e-01 2.44628e-01 -2.06230e-01 4.98404e-02 -2.21205e-01 -2.33188e-01 -5.29772e-01 1.51241e-01 2.27054e-01 -2.90458e-01 3.75629e-01 1.66975e-01 -1.85428e-01 -2.29564e-02 -1.19680e-01 3.02037e-01 -3.06286e-02 2.88198e-02 3.18479e-01 2.54712e-01 2.87106e-01 -8.07704e-01 1.99364e-02 -2.83819e-01 -1.69998e-01 -7.14242e-02 7.67027e-02
4.26806e-01 -3.55977e-02 2.73431e-01 6.73374e-01 -1.14097e+00 -3.95678e-01 -4.35149e-01 -4.61781e-01 -4.76280e-01 5.88618e-01 6.55383e-01 5.42678e-01 2.25130e-01 7.29926e-01 3.02779e-01 -1.20565e+00 -3.34591e-01 1.95300e-01 3.56195e-02 1.98839e-01 2.92010e-01 5.30939e-01 -5.03984e-01 2.09747e-01 2.81331e-01 1.55942e-01 5.30539e-01 -2.10480e-01 2.85763e-01 -4.12855e-01 2.43516e-01 3.34471e-01 -2.96679e-01 -7.03773e-01 -7.91085e-01 -6.86151e-01 3.38993e-01 -6.57680e-01 8.04425e-01 -6.03124e-01 1.37496e-01 2.29721e-01 2.20232e-01 6.89054e-02 4.98871e-01 1.76589e-01 -2.10154e-01 -3.70865e-02 1.25919e-01 3.47825e-01 -2.54305e-02 1.96448e-01 -1.16758e-01 -2.35988e-01 -1.57623e-01 -2.93826e-01 4.58943e-01 -6.37940e-01 3.95686e-01 -3.43875e-01 -4.91821e-01 -3.17083e-01 8.08948e-01 -5.81591e-01 2.74430e-01 6.30837e-01 5.96632e-01 9.91950e-03 3.73473e-01 -2.83852e-01 6.69857e-01 -3.78375e-01 -5.45997e-01 5.61043e-01 8.70323e-02 -3.78141e-01 -1.01231e-01 -1.67114e-01 -2.17412e-01 -2.10978e-01 1.31175e-01 -4.89444e-03 6.78139e-01 -6.53579e-01 1.65927e-02 2.08417e-01 -3.51201e-01 -3.34859e-01 -3.87718e-01 -4.59690e-01 8.35863e-01 5.19843e-01 -9.50818e-01 2.10827e-01 1.13733e-02 -4.54528e-03 1.13488e-01 1.99809e-01 -6.64318e-02 -3.75834e-01 3.06072e-01 -2.66107e-01 4.26696e-02 5.82322e-02 7.23512e-01 8.16863e-01 6.27678e-01 -1.89482e-01 2.96677e-01 -1.14295e+00 -4.71241e-02 -8.64597e-01 -9.10547e-03 3.54350e-01 4.65220e-01 -3.67411e-01 -4.19386e-02 4.02714e-01 2.06422e-01 -8.00077e-01 4.74498e-01 5.56346e-01 1.51300e-01 3.05647e-01 -3.37909e-01 1.98581e-02 -1.36033e-02 2.95055e-01 1.07470e-02 6.61467e-01 2.64565e-01 -6.97720e-01 2.08904e-01 -2.20109e-01 3.88183e-01 -1.40209e-02 -2.74203e-01 1.91616e-01 -4.19978e-01 1.04798e-01 7.56777e-01 -3.58504e-01 -2.18276e-01 5.41535e-01 -2.89646e-01 -4.15536e-01 -4.02194e-01 -4.84613e-01 8.68550e-02 -3.10992e-01 4.43234e-01 -1.03211e-01 3.85513e-01 4.11195e-01 5.78274e-01 -2.04446e-01 -8.56472e-01 2.50103e-01 4.26564e-01 9.83019e-03 -8.20257e-01 -3.35389e-01 -4.86732e-02 9.62306e-02 -1.09284e-01 -1.77938e-01 1.65306e-01 4.52434e-01 -1.63417e-01 -7.67338e-01 -1.83773e-01 6.70857e-02 7.09325e-03 1.14553e-02 6.16199e-02 -1.13946e+00 5.19302e-01 -7.26914e-01 -1.43897e-01 -7.56402e-01 4.06469e-01 2.08623e-01 -3.79383e-01 5.21857e-01 -1.08341e-01 1.40730e-01 -4.92151e-01 1.30988e-01 7.46701e-01 4.32388e-01 5.59729e-01 4.84587e-01 2.88541e-01 4.44282e-01 -1.26964e+00 4.36619e-01 -3.42133e-01 -2.55217e-01 2.07797e-01 5.88205e-04
-5.40504e-01 8.22336e-01 -8.82196e-01 -1.14097e+00 4.05996e+00 -5.40691e-01 3.71845e-01 2.87119e+00 7.87926e-01 -1.10671e+00 -2.11292e-01 -1.10680e+00 -2.48987e-01 -3.70914e-01 -8.78318e-01 2.91393e+00 1.43821e+00 -3.36534e-01 1.13347e+00 -7.60822e-01 1.15049e-01 -6.79893e-01 6.40828e-01 -1.00520e-01 -4.64835e-01 1.00523e+00 -1.19621e+00 1.77668e-01 4.32137e-01 1.03845e+00 -2.93167e-01 -8.29849e-01 1.51185e+00 1.10034e+00 4.18816e+00 1.91700e+00 -5.68686e-01 -1.65010e-02 -1.44940e+00 8.01381e-01 -1.81345e-01 5.23288e-01 -9.90882e-01 3.19693e-01 -1.03440e+00 5.34384e-01 -1.54911e-01 2.60524e-01 -8.43035e-01 -8.71515e-01 1.39278e-01 -8.87462e-01 1.00390e+00 1.20688e+00 -1.06764e-01 3.01792e-01 -1.19207e+00 2.90715e-01 -2.19635e-01 3.43164e-01 7.30138e-01 -4.45455e-01 -1.36001e+00 -4.24047e-01 -2.56293e-01 -8.97486e-01 -1.07823e+00 3.19156e-01 -6.28167e-01 1.61919e+00 -9.77233e-01 -5.34484e-01 6.74103e-01 -7.46884e-01 -6.24261e-01 1.12261e+00 1.34050e+00 1.19715e+00 8.96355e-01 -6.02115e-01 3.02268e-01 -2.66477e-01 -5.86400e-01 3.06734e-01 2.76904e-01 -7.29255e-01 3.93861e-01 2.38029e-01 5.80349e-01 8.19452e-01 -1.42153e+00 -1.09753e+00 1.54574e+00 5.25232e-01 -6.84601e-01 5.31700e-01 7.48267e-02 3.12971e-01 8.91183e-01 2.89085e+00 7.20381e-01 8.50991e-01 7.52635e-01 2.16048e-01 -4.65880e-01 -1.15850e+00 -1.33585e+00 -3.17435e-01 -7.41245e-01 1.14019e+00 -6.25698e-01 9.44980e-01 -8.85118e-01 -7.59360e-01 -4.10038e-01 1.49616e+00 -4.90063e-01 -6.27040e-01 4.51304e-01 2.97983e+00 -1.50592e-01 -1.13739e+00 7.09532e-01 -8.78599e-01 -7.08814e-01 -4.11780e-01 -5.84216e-01 1.42630e-01 -4.10318e-01 -1.12165e+00 -9.49384e-01 -6.03578e-02 -9.75060e-01 -1.89268e-01 -1.74147e-01 4.93529e-01 1.77191e+00 -9.57689e-01 2.08330e+00 -6.70087e-01 -1.23324e+00 1.67022e+00 -6.29867e-02 -1.21810e+00 -3.35388e-01 -3.19073e-01 -7.89738e-02 8.52794e-02 -5.11082e-01 7.82659e-01 -5.95082e-01 6.57808e-01 9.15206e-02 -7.49152e-01 -1.19226e+00 -2.76747e-01 3.11273e+00 1.53000e-01 2.33394e-01 3.37361e-01 1.38449e+00 1.60425e+00 -1.20556e-01 8.94150e-02 2.97494e-01 -1.80430e-02 7.59554e-01 2.89809e-01 -1.25176e-01 1.18375e+00 -3.18906e-01 9.69563e-02 2.93562e-01 -2.70093e-01 -5.33612e-01 5.73323e-01 -1.29595e+00 1.64734e+00 1.19961e+00 2.06497e+00 -4.16548e-02 -1.09624e+00 4.08249e-01 -1.24076e+00 -2.99094e-01 6.75015e-01 -5.56840e-01 -1.40061e-01 -1.18344e+00 -1.31693e+00 -2.49390e-01 -1.20194e+00 -6.35084e-01 -6.95508e-01 2.65145e+00 -1.19297e+00 9.92888e-01 -4.26566e-01 4.17825e-01 -3.98959e-01
-7.85352e-01 -4.14010e-01 3.21947e-01 -3.95678e-01 -5.40691e-01 1.56561e+00 8.79577e-01 -7.75748e-01 -9.74593e-02 1.16913e-03 -1.06419e+00 -3.09809e-01 -4.66295e-02 -9.83183e-01 1.66200e-01 5.32255e-01 -1.37972e-01 3.44232e-02 -5.88702e-01 4.76716e-01 -7.63132e-01 -2.75048e-01 2.08678e-01 -2.66987e-01 -5.67781e-01 -1.28381e+00 -2.25036e-01 7.88316e-01 -5.37341e-01 3.85343e-01 -3.20540e-01 2.57562e-01 -2.03146e-01 7.83606e-01 -1.21780e+00 -2.01592e-01 1.21792e-01 -6.39254e-01 -3.95489e-01 6.63211e-01 -1.13751e+00 -7.02676e-01 8.48839e-02 -1.48723e-01 -1.36083e-01 -4.84574e-01 -6.38554e-02 -1.84935e-01 -1.05448e+00 -1.28575e-01 -4.91524e-01 3.66199e-01 -8.05078e-02 -2.67008e-01 2.24851e-01 -1.01509e-01 -6.41089e-02 -7.19950e-01 -8.47717e-01 -8.55009e-01 -4.13185e-02 1.05685e+00 -4.20301e-01 1.67137e+00 -4.04439e-01 -5.25398e-01 -4.52868e-01 -7.78314e-02 5.67860e-03 -9.07239e-01 -1.84622e-01 1.45779e+00 4.30352e-02 -3.58702e-02 4.97745e-01 -4.24806e-01 -8.17331e-01 -3.79437e-01 -5.56276e-01 3.14614e-01 -2.63968e-01 2.61433e-01 -6.54383e-01 5.71706e-01 -1.64131e-01 2.11932e-01 5.92912e-01 7.35609e-01 3.57652e-01 4.70932e-01 -2.44648e-01 -1.77395e-01 1.14233e+00 -7.77903e-01 4.80997e-01 -3.93940e-01 -5.25003e-02 -2.02053e-01 -4.44001e-01 -1.26615e+00 -9.12956e-01 1.64125e-01 -4.60280e-01 2.95926e-02 -1.13113e+00 -4.41292e-01 1.58535e-02 5.59573e-02 -3.45561e-02 1.68846e+00 8.82502e-01 1.37860e+00 6.78565e-02 -8.31374e-01 -6.63135e-01 -7.41010e-01 9.05033e-01 -9.75774e-02 -6.37889e-01 -1.71809e-01 -9.34369e-01 -6.08480e-01 -9.23263e-01 -2.87038e-03 4.71290e-01 3.42098e-01 5.48949e-01 -1.11466e+00 4.02886e-01 -1.00513e-01 3.47842e-01 1.65702e+00 -2.57560e-01 7.73251e-01 -4.25433e-01 -7.04357e-02 -5.78272e-01 8.98911e-02 -4.82110e-01 4.14094e-01 -2.92917e-01 -1.15982e-01 7.88800e-01 -8.73330e-01 2.64514e-03 5.81981e-01 1.08513e+00 1.05759e+00 2.16005e-01 3.73614e-01 -7.39661e-01 -5.00378e-01 -8.08786e-01 1.29140e-01 -3.17602e-01 6.78473e-01 -6.56246e-01 -4.73642e-01 -6.27845e-01 -2.42140e-01 9.11071e-01 -7.45287e-01 1.32284e-01 -1.45104e-01 -8.52051e-01 5.21749e-01 -4.14751e-01 -8.17455e-01 -3.95235e-02 3.68687e-01 6.39005e-01 -2.22422e-01 -2.48672e-01 4.82566e-01 4.31815e-01 1.79948e+00 -6.01754e-01 5.99365e-01 -4.38498e-01 -1.61040e-01 -5.84224e-01 4.45235e-01 2.79246e-02 3.99200e-02 8.42511e-01 -7.15582e-01 7.75196e-01 -7.04621e-01 -2.58179e-01 -5.55408e-01 -9.29639e-01 -4.34496e-02 2.05739e-01 -7.19263e-02 1.09544e-01 -2.72397e-01 -3.43944e-01 3.30035e-02 -6.66336e-01 1.92264e-01
-5.13095e-01 -1.48344e-01 2.49231e-02 -4.35149e-01 3.71845e-01 8.79577e-01 6.83238e-01 -6.22757e-03 -1.69706e-02 -1.89896e-01 -5.74160e-01 -4.54176e-01 -2.28626e-01 -9.23937e-01 -1.61419e-01 8.04425e-01 2.01761e-01 -1.48347e-02 -2.60272e-01 2.03044e-01 -4.61663e-01 -4.15615e-01 1.76552e-01 -3.00772e-01 -6.08050e-01 -6.33738e-01 -5.05184e-01 7.59201e-01 -1.63447e-01 4.96569e-01 -4.24567e-01 1.16422e-01 1.69726e-01 6.64073e-01 -5.79719e-02 2.94434e-01 2.19373e-02 -3.20297e-01 -3.27789e-01 7.68177e-01 -8.69879e-01 -4.25596e-01 2.08762e-02 -2.51368e-01 -3.30421e-01 -2.38722e-01 -2.88665e-02 -1.02012e-01 -7.22867e-01 1.05257e-01 1.63004e-01 4.85049e-02 2.01991e-01 5.21645e-02 1.14665e-01 8.21041e-02 -9.62879e-02 -1.98295e-01 -3.83594e-01 -3.10066e-01 1.40753e-01 4.67338e-01 -6.18210e-01 8.69867e-01 -3.37794e-01 -6.51109e-01 -5.74773e-01 -2.46690e-01 7.18272e-03 -2.35037e-01 -1.21130e-03 7.57457e-01 8.70488e-02 1.99826e-01 7.00282e-02 -1.41498e-01 -2.56107e-01 -1.82171e-01 -2.98989e-01 2.29299e-01 -2.24699e-01 5.36244e-02 -5.10870e-01 3.95247e-01 5.57132e-02 -3.65763e-02 2.29088e-01 3.04481e-01 3.09184e-01 3.28190e-01 -3.40335e-01 -4.09294e-01 1.17233e+00 -4.74537e-01 1.45199e-01 -3.76163e-01 -3.77935e-03 1.83995e-01 -2.14965e-01 -2.57231e-01 -5.52990e-01 8.97911e-02 2.00415e-02 3.80020e-01 -7.54933e-01 -5.23456e-01 -6.53736e-02 2.50442e-01 -3.54493e-01 1.23018e+00 4.45047e-01 1.42701e+00 -1.31383e-01 -5.66236e-01 -6.40594e-01 -1.65865e-01 7.31844e-01 -2.42579e-01 -5.58314e-01 4.54618e-01 -6.66185e-01 -5.83821e-01 -5.02632e-01 -7.31551e-02 4.73494e-02 1.00770e-01 8.25822e-02 -7.90285e-01 6.03727e-02 -8.99265e-02 -1.03982e-02 9.77153e-01 -3.81375e-01 2.57467e-01 -3.80555e-01 -6.83155e-02 1.40775e-01 -2.82325e-01 2.50788e-01 1.78997e-01 -4.27085e-01 2.12649e-01 4.61708e-01 -9.29336e-01 6.68646e-04 2.97203e-01 5.66856e-01 6.13814e-01 -6.48184e-02 3.29108e-01 -6.05735e-01 5.39986e-02 -6.30214e-01 6.44843e-02 -5.91985e-01 4.84023e-01 4.16194e-01 -3.41820e-01 -2.82777e-01 -2.79674e-01 7.31164e-01 -8.95790e-02 1.07674e-01 1.47156e-01 -4.19362e-01 2.07664e-01 -8.21163e-03 -5.89456e-01 1.62518e-01 5.65945e-01 5.63356e-01 -9.66496e-02 -9.60769e-02 1.49662e-01 5.21209e-02 1.56798e+00 -5.06848e-01 6.60784e-01 -7.11997e-02 2.70946e-01 -6.22545e-01 2.34472e-01 2.18840e-01 -2.81382e-01 6.67855e-01 -2.70700e-01 3.11453e-01 -6.34198e-01 -1.70749e-01 -3.85744e-01 -6.53251e-01 -3.26024e-01 3.24740e-02 -2.38767e-01 6.58685e-01 -2.25422e-02 -1.85677e-01 -6.50155e-02 -4.25366e-01 1.84114e-02
-2.47229e-01 7.93877e-01 -5.29895e-01 -4.61781e-01 2.87119e+00 -7.75748e-01 -6.22757e-03 2.41985e+00 2.63197e-01 -4.41436e-01 3.36975e-01 -5.38886e-01 9.92990e-02 4.77383e-01 -4.74028e-01 1.77008e+00 1.10447e+00 -1.15722e-01 1.22879e+00 -4.91392e-01 3.50147e-01 -3.78641e-02 1.17223e-01 1.72193e-01 -1.78824e-01 1.04219e+00 -5.88511e-01 -2.91640e-02 6.94889e-01 6.52328e-01 2.01490e-02 -4.68944e-01 1.22545e+00 4.68735e-01 3.34757e+00 1.12252e+00 -1.72445e-01 -1.10377e+00 -7.15337e-01 1.18812e-01 -2.13110e-01 7.75810e-01 -8.66138e-01 5.31398e-01 -4.78203e-01 7.40883e-01 -4.93915e-01 2.15408e-01 -1.06301e+00 -7.14240e-01 -2.31264e-01 -6.28294e-01 9.05732e-01 9.64514e-01 -2.77301e-01 -1.34126e-01 -8.08013e-01 -8.15253e-01 -4.79775e-03 -3.69306e-01 1.19518e-01 -6.21547e-01 -4.59591e-01 -8.21455e-01 1.29087e-02 -1.82246e-01 -4.47616e-01 4.88364e-01 -2.55722e-01 1.19036e+00 -3.80255e-01 -7.40571e-01 5.45257e-02 -2.71666e-01 -3.94471e-01 6.83428e-01 1.16237e+00 1.10772e+00 6.36785e-01 -9.61009e-01 5.15207e-01 -2.10390e-01 1.11262e-01 -4.02237e-01 2.35622e-01 -4.62091e-01 2.14693e-01 8.84172e-02 2.15205e-01 4.61610e-01 -5.46659e-01 -5.07573e-01 6.05375e-01 7.36047e-01 -6.20028e-01 6.16607e-01 2.17069e-01 4.37989e-01 8.54154e-01 2.41657e+00 1.06744e+00 7.16153e-01 6.99330e-01 1.54769e-01 1.79294e-01 -2.66944e-01 -7.24616e-01 -7.44396e-01 -3.26614e-01 1.31243e-01 -5.60684e-01 -8.57635e-03 -9.77382e-01 -6.08738e-01 1.00588e-01 9.84938e-01 -5.29635e-01 -1.39691e-01 7.64522e-01 2.18844e+00 2.87860e-01 -6.57417e-01 8.11453e-01 -6.13475e-01 -1.07667e+00 -3.32537e-01 -4.60174e-01 3.64156e-01 -2.87085e-01 -4.71744e-01 -5.89876e-01 -6.03371e-01 -8.41400e-01 -2.27713e-01 2.77909e-01 5.76246e-01 1.37428e+00 -6.99815e-01 1.54987e+00 -5.31602e-01 -4.06580e-01 1.36010e+00 -1.72391e-01 -7.40856e-01 -7.98835e-01 -7.80065e-01 -3.29664e-01 -2.82987e-01 -3.45021e-01 5.63155e-01 -2.15728e-01 3.45422e-01 5.12730e-01 -3.11941e-01 -5.25002e-01 -4.87382e-01 2.01909e+00 4.39319e-01 6.57394e-01 4.34834e-01 6.91707e-01 1.11632e+00 -1.94884e-01 7.81840e-02 -4.62077e-02 -7.86885e-02 9.15080e-01 8.17399e-01 -4.82915e-01 3.00940e-01 -5.75237e-01 1.34267e-01 2.76153e-01 -1.18588e-01 -3.46795e-01 -6.69296e-01 -9.37376e-01 9.98220e-01 1.04943e+00 1.24221e+00 5.02796e-01 -9.19640e-01 -1.20838e-01 -6.23792e-01 -3.89337e-01 7.48973e-01 -1.07059e+00 -5.24874e-02 -4.77176e-01 -1.11925e+00 2.79461e-01 -6.50678e-01 -2.79521e-01 -1.53827e-01 1.20315e+00 -9.96867e-01 6.44381e-01 -8.10395e-01 6.38592e-01 -3.84038e-01
-1.22843e-01 6.24186e-02 -3.06190e-01 -4.76280e-01 7.87926e-01 -9.74593e-02 -1.69706e-02 2.63197e-01 6.55681e-01 -5.73687e-01 -4.93137e-01 -2.43866e-01 -7.77425e-02 -1.98508e-01 -1.65611e-01 6.86610e-01 9.76012e-02 -2.43746e-01 1.07788e-02 -3.83358e-01 -5.33473e-02 -3.22751e-01 5.39955e-01 -1.76960e-02 2.23950e-01 1.74107e-01 -1.47707e-01 -4.39277e-01 -3.90020e-01 8.68457e-03 8.51566e-02 -5.17025e-01 5.55572e-02 3.19869e-01 6.14967e-01 4.81585e-01 -4.70957e-01 1.33041e+00 -7.59103e-01 7.50901e-02 6.40583e-01 -4.40377e-02 -2.26819e-01 1.06032e-01 -3.01719e-01 -1.43071e-01 3.79924e-01 1.15350e-01 5.98113e-01 -5.60167e-01 -2.07934e-01 -2.04489e-01 -1.82506e-01 1.23302e-01 1.62761e-01 3.24426e-01 -4.65199e-01 1.11489e+00 -2.65822e-01 7.49177e-01 5.21634e-01 1.62910e-01 -4.63567e-01 2.03077e-01 -7.25730e-02 -2.19599e-01 -2.16343e-01 2.01942e-01 -5.13338e-01 3.90283e-01 -9.46069e-01 -3.36655e-03 6.82812e-01 -1.00965e+00 -7.70998e-02 5.56061e-01 1.71229e-01 2.59989e-01 4.90834e-01 1.99745e-01 -3.14776e-02 1.29316e-02 -5.04332e-01 6.21866e-01 -1.42461e-01 -1.68222e-01 3.13801e-01 2.41670e-01 2.34104e-01 3.06253e-01 -7.83540e-01 -2.44302e-01 1.31712e-01 3.14336e-02 -3.26220e-02 3.04486e-01 -1.91757e-01 -5.82465e-01 1.71616e-01 3.47890e-01 -7.48435e-02 2.23651e-01 -2.41126e-01 -5.34810e-01 -3.75340e-01 -6.09748e-01 -7.38718e-01 7.64663e-02 1.55593e-02 4.85845e-01 -2.34338e-01 -1.76310e-01 2.87354e-01 7.57413e-02 -4.97549e-02 4.81428e-01 -5.72624e-01 -2.97425e-01 1.54727e-01 3.43569e-01 -1.00346e-01 -1.50419e-01 1.16177e-01 -2.84128e-01 6.31130e-01 -4.95200e-02 6.86676e-02 2.61081e-01 1.52027e-02 -8.07096e-01 -2.41536e-01 2.18375e-01 1.93510e-01 1.73836e-01 -2.19873e-01 2.15515e-02 -2.31277e-02 1.46134e-01 5.48840e-02 -2.26793e-01 -5.94119e-01 9.38909e-02 -6.82711e-02 2.34737e-01 5.05587e-01 4.38722e-01 1.41489e-01 1.95430e-01 2.59135e-02 6.42493e-02 -3.53426e-02 -3.77666e-02 -1.88922e-02 -6.06417e-01 -1.38656e-01 -9.65188e-02 4.06690e-01 -9.32169e-02 -4.64914e-01 2.18663e-01 4.05327e-01 3.31804e-01 -1.01861e-02 -3.41021e-01 5.02966e-01 1.11734e-01 -4.01132e-01 -1.97960e-01 9.48422e-02 4.73682e-01 -2.14353e-01 -3.71538e-02 2.75863e-02 -9.46984e-02 -3.65087e-02 2.00602e-01 -1.53216e-01 2.65634e-01 9.53291e-02 6.02541e-01 -1.89467e-02 -3.90205e-01 3.09361e-01 -3.45156e-01 -4.30072e-01 -9.44709e-02 5.97540e-01 4.32197e-01 -8.61755e-01 -1.40020e-01 -2.35645e-01 -2.51151e-01 -3.84559e-01 -3.55469e-01 9.40117e-01 -5.31820e-01 5.73491e-01 5.38501e-01 8.82634e-03 5.38822e-02
1.60509e-01 -6.37835e-02 3.73482e-01 5.88618e-01 -1.10671e+00 1.16913e-03 -1.89896e-01 -4.41436e-01 -5.73687e-01 6.48345e-01 4.33211e-01 4.53492e-01 2.90010e-01 6.12542e-01 3.64026e-01 -9.51573e-01 -2.71138e-01 2.32813e-01 3.76189e-02 3.46032e-01 1.17592e-01 5.48902e-01 -5.13150e-01 1.92230e-01 9.95892e-02 -1.34625e-01 4.70450e-01 3.43196e-02 2.56131e-01 -2.42120e-01 1.89021e-01 4.24720e-01 -2.28122e-01 -4.67826e-01 -8.57832e-01 -7.32498e-01 4.33870e-01 -1.28011e+00 6.92222e-01 -4.73572e-01 -3.18250e-01 1.48226e-01 1.37944e-01 1.38754e-01 4.80300e-01 1.60407e-01 -3.79034e-01 -7.88114e-02 -4.70425e-01 2.22241e-01 -3.06553e-01 2.78336e-01 -1.76477e-02 -2.24533e-01 -1.54384e-01 -4.36362e-01 3.83035e-01 -1.24475e+00 1.32387e-01 -8.51048e-01 -6.06711e-01 -7.02947e-02 7.56877e-01 -1.87196e-01 1.81854e-01 5.48275e-01 4.81959e-01 8.95541e-02 4.09205e-01 -5.04260e-01 6.63303e-01 -1.02314e-02 -6.44127e-01 6.03265e-01 2.46913e-01 -5.09349e-01 -2.44788e-01 -1.46021e-01 -3.69226e-01 -3.20166e-01 1.58502e-01 6.59845e-02 5.95485e-01 -6.50419e-01 -1.12033e-02 2.62448e-01 -1.39925e-01 -8.61531e-02 -2.95036e-01 -2.86196e-01 8.31453e-01 4.87456e-01 -6.19738e-01 8.73737e-02 9.79045e-02 -3.49846e-02 1.57680e-01 2.26000e-01 -9.84451e-02 -5.37694e-01 2.13401e-01 -1.19971e-01 -1.89839e-02 8.73337e-02 4.69012e-01 7.87762e-01 6.38963e-01 -3.68726e-01 3.09364e-01 -7.07195e-01 1.95487e-01 -5.45995e-01 -1.60800e-01 -1.48273e-02 3.38377e-01 -5.77047e-01 1.97480e-01 4.39176e-01 1.55866e-01 -6.63534e-01 2.66914e-01 3.23355e-01 -3.36080e-02 2.58895e-01 -4.15004e-01 1.05201e-01 1.33057e-01 -9.27282e-03 1.32828e-01 6.79127e-01 3.65080e-01 -3.01002e-01 4.86648e-03 1.30763e-02 3.65956e-01 6.79026e-02 -3.36956e-01 1.58958e-01 -4.46184e-01 1.97048e-01 7.46523e-01 -2.41855e-01 1.84307e-02 1.95620e-01 -5.07746e-01 -4.20935e-01 -1.12328e-01 -2.19691e-01 1.40289e-01 -1.28139e-01 2.13652e-01 -2.86192e-01 2.55056e-01 4.95399e-01 5.06038e-01 -7.64122e-02 -9.78475e-01 2.04116e-01 3.89199e-01 8.19176e-03 -5.15053e-01 -5.19781e-01 -4.59559e-02 5.76719e-02 -4.92522e-01 -1.50522e-02 1.95063e-01 3.89122e-01 -3.22523e-01 -7.56002e-01 -9.13792e-02 1.57744e-02 -4.18537e-02 1.95484e-01 1.96957e-01 -8.32487e-01 2.21368e-01 -4.75480e-01 -1.63135e-01 -7.75484e-01 3.78303e-01 2.58806e-01 -4.90449e-01 5.55176e-01 1.20132e-01 1.74352e-02 -4.85776e-01 -1.18926e-01 7.17780e-01 9.19088e-02 3.70700e-01 4.70410e-01 3.88108e-01 4.98432e-01 -1.31764e+00 2.21084e-01 -4.33693e-01 -4.49679e-01 1.11026e-01 1.07403e-02
7.18948e-01 2.24791e-01 -1.88174e-02 6.55383e-01 -2.11292e-01 -1.06419e+00 -5.74160e-01 3.36975e-01 -4.93137e-01 4.33211e-01 1.23853e+00 3.59292e-01 -2.72542e-02 6.74313e-01 -7.95909e-02 -9.38383e-01 4.96492e-02 1.75278e-01 3.44737e-01 -2.77873e-02 5.89096e-01 3.46632e-01 -6.06913e-01 1.17735e-01 1.14609e-01 7.91950e-01 1.58544e-01 -6.41224e-02 7.53055e-01 -2.33119e-01 3.71570e-02 2.79058e-01 1.24730e-01 -8.25028e-01 3.85824e-01 -1.54698e-01 2.99615e-01 -4.64133e-01 9.91198e-01 -3.75917e-01 2.50733e-01 4.80409e-01 2.19966e-01 -1.37317e-01 2.78022e-01 4.33350e-01 -2.06735e-01 2.25507e-02 3.87032e-01 7.74162e-01 8.53930e-01 -1.29084e-01 2.49363e-01 1.03106e-01 -2.89447e-01 -9.78785e-02 5.14996e-01 -1.54947e-01 9.55865e-01 1.87130e-01 -3.31628e-01 -9.74859e-01 5.65110e-01 -1.43928e+00 3.17519e-01 4.20728e-01 4.14600e-01 -2.90603e-01 4.68140e-01 3.98373e-01 1.06197e+00 -1.09905e+00 -5.87006e-01 1.05266e+00 -4.02575e-01 -1.66266e-01 4.75512e-01 -4.20647e-02 -4.89157e-02 -2.68416e-01 1.27072e-01 -2.46796e-01 8.53223e-01 -8.91257e-01 3.08603e-01 -5.74070e-02 -8.27278e-01 -8.66066e-01 -4.48338e-01 -6.57243e-01 8.13930e-01 2.33142e-01 -7.88213e-01 4.77003e-01 -3.49301e-01 -1.14764e-01 1.92897e-01 7.75833e-01 1.18818e-01 6.69577e-01 6.31668e-01 -4.13432e-01 6.45956e-01 6.25175e-01 1.12772e+00 7.44310e-01 6.66009e-01 1.12242e-01 -1.39950e-01 -1.61008e+00 -4.60795e-01 -5.64533e-01 -2.74338e-01 6.15971e-01 4.00887e-01 2.00236e-01 -3.40867e-02 2.39511e-01 1.62045e-01 -1.11854e-01 7.10105e-01 5.54438e-01 5.42056e-01 2.80596e-01 -9.03981e-01 -2.41162e-01 -5.68817e-01 5.22211e-01 -3.93990e-01 8.08735e-01 -1.16085e-01 -1.40122e+00 8.21033e-03 -8.37897e-01 4.08283e-01 -5.20569e-02 5.77527e-01 -3.01807e-01 4.44913e-01 -9.99579e-02 6.38201e-01 2.11132e-03 -5.36641e-01 3.32321e-01 -3.32823e-01 -7.55930e-01 -9.67230e-01 -9.60824e-01 -2.58907e-01 -3.53769e-01 5.34931e-01 5.82106e-01 4.92065e-01 4.49410e-01 1.96122e-01 -3.35718e-01 3.77498e-01 3.56551e-01 8.53741e-01 -1.32763e-01 -1.03020e+00 3.60576e-01 -5.24210e-02 5.29913e-01 2.89204e-01 -5.50309e-01 6.87530e-01 6.39796e-01 1.19427e-01 -5.26175e-01 -1.33443e-01 2.08170e-01 1.64800e-01 -3.58964e-01 -3.79626e-01 -1.19303e+00 6.29612e-01 -6.40726e-01 2.36887e-01 -3.32300e-01 2.45582e-01 8.59580e-02 -1.52326e-01 1.64408e-01 -1.40565e-01 6.31707e-01 -1.06339e+00 5.94123e-02 9.86013e-01 6.59970e-01 8.28833e-01 1.55215e-01 1.51301e-01 2.64231e-01 -6.93095e-01 8.72744e-01 -2.92808e-01 -4.31868e-01 4.11987e-01 -2.02600e-01
3.18780e-01 -5.47297e-02 2.49119e-01 5.42678e-01 -1.10680e+00 -3.09809e-01 -4.54176e-01 -5.38886e-01 -2.43866e-01 4.53492e-01 3.59292e-01 5.43351e-01 3.14558e-01 7.92811e-01 3.75370e-01 -1.06426e+00 -4.02622e-01 1.19209e-01 1.41194e-02 1.12130e-01 2.29300e-01 5.27459e-01 -3.03446e-01 2.72248e-01 4.59066e-01 9.69806e-02 6.30950e-01 -4.74625e-01 4.39706e-02 -4.86599e-01 3.83372e-01 1.53218e-01 -3.82555e-01 -5.95113e-01 -8.37465e-01 -6.89408e-01 1.90116e-01 -3.20528e-01 4.87953e-01 -7.22973e-01 3.73514e-01 2.03933e-01 1.02644e-01 2.24743e-01 4.85737e-01 9.79140e-02 -1.10064e-01 -9.50107e-04 2.41102e-01 -2.80571e-02 -4.28563e-01 2.09781e-01 -2.78747e-01 -2.73045e-01 -8.25808e-02 -2.71971e-01 2.57944e-01 -4.69401e-01 1.47104e-01 -2.78493e-01 -3.86512e-01 -1.05715e-01 7.78681e-01 -3.33256e-01 2.67167e-01 6.84168e-01 6.21178e-01 2.27453e-01 1.60942e-01 -3.18218e-01 2.07287e-01 -2.30866e-01 -3.15993e-01 2.98823e-02 2.08846e-01 -2.26583e-01 -1.68737e-01 -5.62319e-02 -5.96162e-02 -1.94105e-01 1.68135e-01 6.92999e-02 5.05333e-01 -4.24447e-01 -1.25856e-01 2.28334e-01 -9.23788e-02 -9.29940e-02 -3.08264e-01 -2.98334e-01 5.94403e-01 5.54211e-01 -1.04256e+00 2.06497e-01 8.42655e-02 1.97191e-01 3.44852e-02 -1.86728e-01 -1.47687e-02 -4.89737e-01 2.69822e-01 -1.14982e-01 -2.15357e-01 -3.41414e-01 5.37272e-01 6.79806e-01 3.45739e-01 -3.30290e-01 4.71763e-01 -9.26861e-01 -4.51861e-02 -1.15762e+00 1.41319e-01 3.08422e-01 5.35030e-01 -3.48307e-01 -3.22450e-01 3.79252e-01 3.60365e-01 -8.65548e-01 4.33809e-01 5.29315e-01 1.36748e-01 1.99194e-01 8.51322e-03 7.03148e-02 1.74095e-01 3.89259e-01 1.38657e-01 3.33669e-01 2.92575e-01 -4.97827e-01 3.35667e-01 1.91058e-02 3.58257e-01 4.07936e-02 -5.27162e-01 4.04080e-01 -6.53758e-01 6.12376e-02 6.25370e-01 -4.07882e-01 -1.78697e-01 7.39438e-01 -1.50133e-01 -2.19037e-01 -2.25177e-01 -3.23426e-01 2.06015e-01 -2.77519e-01 4.44080e-01 -3.44795e-01 4.24361e-01 1.80476e-01 6.96202e-01 -2.57361e-01 -1.09855e+00 2.35103e-01 1.83706e-01 1.77527e-01 -6.47908e-01 -4.10374e-01 -6.99959e-02 -1.76365e-01 -5.10724e-02 -3.34099e-02 -1.02772e-01 4.16127e-01 -2.70819e-01 -7.35872e-01 -3.50282e-01 2.07547e-02 -1.72574e-02 9.18639e-02 1.83492e-01 -1.23125e+00 4.31120e-01 -6.82618e-01 -1.89294e-01 -6.74732e-01 5.38310e-01 5.92445e-02 -3.85152e-01 5.31192e-01 -3.15940e-01 -1.41463e-03 -1.78516e-01 3.51126e-01 3.75899e-01 2.87234e-01 4.61899e-01 5.17179e-01 1.95868e-01 4.06944e-01 -1.16970e+00 6.42438e-02 -1.25577e-01 -5.26355e-02 2.08738e-01 6.90890e-02
-1.22252e-01 1.28009e-01 1.91869e-01 2.25130e-01 -2.48987e-01 -4.66295e-02 -2.28626e-01 9.92990e-02 -7.77425e-02 2.90010e-01 -2.72542e-02 3.14558e-01 5.07179e-01 8.97716e-01 3.83984e-01 -1.94859e-01 -8.90080e-02 6.40390e-02 3.57954e-01 5.56820e-02 9.85193e-02 5.56833e-01 -1.15654e-01 3.71469e-01 3.88402e-01 4.07367e-02 5.11212e-01 -4.73853e-01 3.87321e-03 -1.98445e-01 4.71545e-01 -3.98534e-02 -4.28353e-02 -1.34054e-01 -8.05961e-03 -4.45012e-01 1.19219e-01 -1.03311e+00 -1.00231e-01 -6.87196e-01 4.43654e-02 3.29735e-01 -3.39262e-01 6.03918e-01 3.36179e-01 2.32454e-01 -3.53816e-01 4.89773e-02 -6.01822e-01 -7.06495e-01 -1.17594e+00 1.35547e-01 -6.22100e-02 -2.33139e-02 -9.77866e-02 -4.58396e-01 -2.26653e-01 -1.23640e+00 -3.51734e-01 -8.89612e-01 -4.00235e-01 1.60775e-01 5.96645e-01 5.63965e-02 1.76735e-01 6.20008e-01 4.16251e-01 6.59242e-01 -5.58468e-02 -2.52510e-01 -3.10538e-01 6.96973e-02 -2.17222e-01 -4.72166e-01 3.83216e-01 -4.45201e-02 -5.06480e-02 3.86538e-01 9.96681e-02 -5.87614e-01 3.88971e-01 1.52978e-01 3.19031e-01 -3.55805e-01 -2.18504e-01 1.79370e-01 4.23308e-01 4.11118e-01 -8.89594e-02 1.53315e-01 2.43267e-01 4.26238e-01 -6.36266e-01 2.94399e-01 6.43656e-02 5.32284e-01 7.75874e-02 -3.80263e-01 2.45892e-01 -7.96397e-02 4.62764e-01 3.81036e-01 -3.14963e-01 -6.33452e-01 1.74828e-01 4.80128e-01 -8.77340e-02 -8.81609e-01 5.66100e-01 -2.69046e-01 5.22992e-02 -1.12786e+00 -1.69534e-01 -2.95277e-01 5.13640e-01 -2.85269e-01 -4.81629e-01 3.74335e-01 6.82290e-01 -1.74289e-01 2.77765e-01 8.52987e-02 1.68122e-01 -1.16032e-01 -8.36886e-02 1.12898e-01 3.71571e-01 2.68224e-01 3.05829e-01 -5.99074e-02 2.66482e-01 -9.21124e-02 -3.91267e-03 4.16613e-01 4.05613e-01 3.48454e-01 -4.39985e-01 3.70017e-01 -4.64491e-01 -3.05490e-02 4.07645e-01 5.43471e-02 5.33356e-02 3.57380e-01 -5.03395e-01 -2.89785e-01 1.37548e-01 7.54038e-03 2.77395e-01 1.01924e-01 1.53899e-01 -6.70568e-01 4.87394e-01 -1.55956e-02 6.00416e-01 -3.20375e-01 -9.02985e-01 3.11639e-01 1.29721e-01 4.59494e-01 7.17890e-03 -3.67562e-01 -1.46208e-01 -4.44104e-01 -4.29554e-01 2.45722e-01 -4.41352e-02 5.74173e-01 -6.91523e-01 -6.41312e-01 -5.82188e-01 -3.53397e-02 -1.15386e-02 3.31211e-01 3.44207e-01 -1.23315e+00 -2.23627e-01 -1.10579e-01 4.86174e-02 -2.90080e-01 7.96349e-01 -2.85298e-01 -5.63277e-01 4.16976e-01 -3.81101e-01 -4.08682e-02 -2.16288e-01 2.76360e-01 -1.05669e-01 -5.23702e-01 2.74227e-01 3.63685e-01 1.48601e-01 4.05999e-01 -8.34246e-01 -7.86862e-01 1.49947e-01 -3.23546e-01 3.01675e-01 3.12374e-02
3.07552e-01 4.20476e-01 2.07633e-01 7.29926e-01 -3.70914e-01 -9.83183e-01 -9.23937e-01 4.77383e-01 -1.98508e-01 6.12542e-01 6.74313e-01 7.92811e-01 8.97716e-01 2.13648e+00 6.02076e-01 -8.64131e-01 -1.38656e-01 1.35429e-01 9.04904e-01 -1.06970e-01 6.26658e-01 1.17115e+00 -4.23229e-01 7.88482e-01 9.77505e-01 7.73857e-01 1.06046e+00 -1.21013e+00 3.68444e-01 -6.07173e-01 9.81015e-01 -1.12813e-01 -1.91558e-02 -7.86533e-01 4.58993e-01 -7.70961e-01 2.17558e-01 -1.53557e+00 2.39170e-01 -1.59165e+00 6.72753e-01 9.59039e-01 -5.45232e-01 1.07111e+00 7.29946e-01 6.79090e-01 -6.02092e-01 1.65787e-01 -4.24827e-01 -9.87675e-01 -1.64682e+00 7.23079e-02 -7.01166e-02 5.45082e-02 -3.17970e-01 -7.64937e-01 -2.24578e-01 -1.80837e+00 -3.11310e-02 -1.09632e+00 -7.49871e-01 -3.71990e-01 1.37319e+00 -9.22744e-01 5.59724e-01 1.42127e+00 1.04376e+00 1.10714e+00 3.13270e-03 6.45494e-04 -2.31522e-01 -7.37674e-01 -5.15557e-01 -5.91466e-01 3.78272e-01 5.46691e-02 3.27293e-01 7.88197e-01 3.93545e-01 -1.17636e+00 8.01522e-01 1.07656e-01 1.02399e+00 -1.04141e+00 -2.57418e-01 2.26659e-01 2.89998e-01 2.00609e-01 -4.21389e-01 -1.04482e-01 7.25389e-01 8.99668e-01 -1.83308e+00 9.34160e-01 -1.48929e-01 1.06135e+00 1.86060e-01 -4.42902e-01 6.17050e-01 4.59897e-01 1.30440e+00 4.71539e-01 -2.45780e-01 -1.00860e+00 1.04587e+00 1.20389e+00 5.16628e-03 -1.50630e+00 9.95550e-01 -1.58203e+00 -3.83704e-01 -2.72824e+00 -3.29903e-01 2.59882e-02 1.28171e+00 -1.62280e-01 -1.24679e+00 7.53389e-01 1.48389e+00 -3.59396e-01 1.04704e+00 5.76658e-01 7.90571e-01 -1.15383e-01 -4.85872e-01 7.08709e-03 3.05262e-01 1.07519e+00 2.83787e-01 1.22849e-01 3.10228e-01 -1.17954e+00 1.60023e-01 2.14404e-01 9.73141e-01 6.01917e-01 -4.57051e-01 5.82677e-01 -5.79847e-01 -2.39917e-01 9.94230e-01 7.89708e-02 -3.72615e-01 1.13847e+00 -9.03098e-01 -8.85143e-01 -4.39672e-01 -6.55063e-01 3.51150e-01 -9.53692e-02 7.31502e-01 -8.42023e-01 1.30048e+00 1.46335e-02 1.26385e+00 -9.18520e-01 -1.30145e+00 8.13276e-01 6.52292e-01 8.68687e-01 -6.50915e-01 -2.80080e-01 -3.17688e-01 -6.09781e-01 -2.91110e-01 8.18197e-02 2.02706e-01 1.46869e+00 -1.14147e+00 -1.41114e+00 -1.31389e+00 7.60579e-02 1.14260e-01 2.88535e-01 3.43096e-01 -3.19686e+00 6.27939e-02 -6.50929e-01 2.82274e-01 -5.59764e-01 1.68763e+00 -6.43682e-01 -1.02033e+00 7.73960e-01 -1.06949e+00 3.48076e-01 -8.91703e-01 8.28990e-01 1.51545e-01 -4.68014e-01 1.06191e+00 7.19757e-01 2.06418e-01 8.02122e-01 -1.70539e+00 -1.02662e+00 3.34063e-01 -6.21601e-01 8.86899e-01 -5.49025e-02
-4.98647e-02 -8.14653e-02 2.92856e-01 3.02779e-01 -8.78318e-01 1.66200e-01 -1.61419e-01 -4.74028e-01 -1.65611e-01 3.64026e-01 -7.95909e-02 3.75370e-01 3.83984e-01 6.02076e-01 4.19877e-01 -5.71762e-01 -3.16818e-01 9.31331e-02 7.17747e-03 1.85319e-01 -8.06943e-03 4.65449e-01 -1.50332e-01 2.52725e-01 3.18832e-01 -2.28047e-01 5.36293e-01 -3.22467e-01 -1.29015e-01 -2.90092e-01 3.56223e-01 1.10197e-01 -3.04597e-01 -2.14004e-01 -7.90959e-01 -6.30044e-01 1.66453e-01 -6.84576e-01 1.19893e-01 -5.61139e-01 1.43982e-02 8.37657e-02 -6.47043e-02 3.52897e-01 3.86775e-01 2.54632e-02 -2.01339e-01 -1.91096e-02 -3.09232e-01 -3.68220e-01 -8.74333e-01 2.63201e-01 -2.32313e-01 -2.39120e-01 -2.48602e-02 -3.58026e-01 2.56362e-02 -8.93594e-01 -2.74408e-01 -6.92286e-01 -3.79153e-01 2.69117e-01 5.94505e-01 2.38411e-01 1.34268e-01 5.34387e-01 4.31492e-01 4.00488e-01 4.67561e-02 -4.99517e-01 -1.01119e-01 2.41939e-01 -2.30264e-01 -2.44863e-01 4.02305e-01 -2.28804e-01 -3.16986e-01 4.22971e-02 -1.02800e-01 -2.66039e-01 1.93957e-01 1.70091e-01 2.51035e-01 -2.27431e-01 -2.16377e-01 2.56691e-01 2.77720e-01 3.02943e-01 -1.26054e-01 9.60268e-03 3.59679e-01 4.59439e-01 -6.20182e-01 5.76738e-02 1.95347e-01 2.59474e-01 2.71281e-02 -3.57579e-01 -9.46125e-03 -6.29949e-01 1.24448e-01 1.34853e-01 -3.90842e-01 -4.95782e-01 1.04418e-01 4.70915e-01 1.38147e-01 -5.41122e-01 5.15657e-01 -2.42652e-01 1.94806e-01 -8.50820e-01 5.70079e-02 -1.23752e-01 3.75146e-01 -4.84529e-01 -2.09660e-01 3.44703e-01 3.52093e-01 -6.34685e-01 1.46963e-01 2.07454e-01 -6.69740e-02 5.97938e-02 1.29775e-01 1.70536e-01 3.97985e-01 9.43544e-02 3.09855e-01 1.08433e-01 3.60655e-01 7.29195e-02 1.59069e-01 3.80591e-01 2.68141e-01 1.48811e-01 -6.51971e-01 4.34054e-01 -7.12647e-01 1.13677e-01 4.45337e-01 -2.57732e-01 9.88981e-02 4.08386e-01 -2.61609e-01 -8.11753e-02 1.90155e-01 7.31171e-02 2.95523e-01 -3.77255e-02 1.56325e-01 -6.10847e-01 2.61029e-01 9.94792e-02 5.90756e-01 -1.28905e-01 -1.18773e+00 1.49474e-01 -1.80113e-02 2.49855e-01 -1.53818e-01 -5.67371e-01 -7.04751e-02 -3.46600e-01 -3.80845e-01 2.13143e-01 -2.11100e-01 2.76565e-01 -4.50144e-01 -5.97436e-01 -3.09432e-01 -5.83673e-02 -7.50378e-02 3.02945e-01 3.57159e-01 -8.10570e-01 2.37657e-02 -3.08802e-01 -2.01810e-01 -5.40999e-01 5.11551e-01 7.68621e-03 -4.40238e-01 4.88243e-01 -1.71493e-01 -2.00024e-01 3.18176e-02 1.86028e-01 7.42667e-02 -1.74346e-01 1.55520e-01 4.43749e-01 2.08204e-01 3.77301e-01 -9.81050e-01 -3.75779e-01 -6.64485e-02 -1.18746e-01 8.80385e-02 1.06989e-01
-9.35880e-01 3.93231e-01 -5.27190e-01 -1.20565e+00 2.91393e+00 5.32255e-01 8.04425e-01 1.77008e+00 6.86610e-01 -9.51573e-01 -9.38383e-01 -1.06426e+00 -1.94859e-01 -8.64131e-01 -5.71762e-01 2.68871e+00 1.02243e+00 -2.86617e-01 5.27882e-01 -3.68548e-01 -3.89851e-01 -7.17405e-01 7.34060e-01 -2.15502e-01 -6.19920e-01 1.26639e-02 -1.04083e+00 4.80557e-01 -9.65699e-02 1.01303e+00 -3.62454e-01 -5.96113e-01 1.03182e+00 1.38553e+00 2.57070e+00 1.40827e+00 -4.57995e-01 -1.78364e-01 -1.53321e+00 9.80853e-01 -6.87147e-01 -2.13116e-02 -7.81205e-01 2.25088e-01 -9.13591e-01 9.08287e-02 -9.62778e-02 1.14561e-01 -1.20103e+00 -9.31614e-01 -3.43980e-01 -4.84339e-01 6.64196e-01 7.78300e-01 8.86824e-02 2.05519e-01 -1.07341e+00 -6.26422e-02 -7.83427e-01 -1.64582e-01 6.19440e-01 3.67986e-01 -1.35384e+00 7.65814e-01 -4.47815e-01 -1.00813e+00 -1.11634e+00 2.95787e-01 -5.99411e-01 7.39233e-01 -1.10547e+00 5.01944e-01 6.82208e-01 -8.66676e-01 -1.52638e-01 7.17166e-01 5.48008e-01 7.67102e-01 4.60300e-01 -2.63163e-01 9.03913e-02 -2.48594e-02 -9.43733e-01 7.04949e-01 5.70584e-02 -4.47596e-01 7.75103e-01 7.27104e-01 7.10273e-01 9.98861e-01 -1.39631e+00 -9.66174e-01 1.86037e+00 -5.14731e-02 -2.24381e-01 2.75259e-01 -1.46934e-02 -5.63019e-02 4.62391e-01 1.48666e+00 1.70168e-03 8.31873e-01 2.03660e-01 4.14065e-03 -1.12879e+00 -1.25792e+00 -1.18637e+00 -2.60382e-01 -5.34293e-01 2.00442e+00 2.03419e-02 1.43750e+00 -5.75993e-01 -1.09776e+00 -6.91845e-01 7.67637e-01 1.36511e-02 -5.76286e-01 3.99750e-02 2.22326e+00 -6.94076e-01 -1.26912e+00 8.15472e-03 -7.45594e-01 -1.03947e-01 -1.03275e-01 -5.70036e-02 -4.98411e-01 -3.34378e-02 -1.10969e+00 -5.40781e-01 1.02456e+00 -8.54486e-01 4.10367e-01 -4.14556e-01 3.64714e-01 9.45871e-01 -6.06728e-01 1.25832e+00 -3.08468e-01 -1.22501e+00 1.22306e+00 4.28942e-01 -1.38113e+00 -1.74651e-01 1.98211e-01 6.56820e-01 7.66610e-01 -2.25491e-01 8.49226e-01 -9.05757e-01 1.25827e-01 -3.96053e-01 -6.33528e-01 -1.08573e+00 1.61060e-01 1.97948e+00 -1.73737e-01 -3.10956e-01 1.95467e-01 1.71199e+00 8.04959e-01 -2.39734e-02 -1.38916e-01 -2.18029e-01 3.55958e-01 2.21424e-01 -2.86098e-01 -1.53644e-01 1.18678e+00 5.53366e-02 -7.58110e-02 7.44735e-02 9.84805e-02 -1.18231e-01 1.49648e+00 -1.41127e+00 1.67587e+00 6.65832e-01 1.58701e+00 -3.32845e-01 -6.72241e-01 3.54385e-01 -9.64942e-01 1.61861e-01 4.36813e-02 1.80895e-01 -4.17984e-01 -1.27093e+00 -1.41991e+00 -7.98446e-01 -9.69232e-01 -4.33590e-01 -6.23524e-01 2.23526e+00 -1.26465e+00 6.88765e-01 -2.02596e-01 -6.86811e-02 -1.68569e-01
